[    7356.073211] 0003 0039 00002a45
[    7356.073211] 0001 014a 00000001
[    7356.073211] 0001 0145 00000001
[    7356.073211] 0003 0035 00000a6c
[    7356.073211] 0003 0036 00000e92
[    7356.073211] 0003 0031 00000003
[    7356.073211] 0000 0000 00000000
[    7356.139434] 0003 0035 00000a59
[    7356.139434] 0003 0036 00000e8c
[    7356.139434] 0000 0000 00000000
[    7356.156111] 0003 0035 00000a51
[    7356.156111] 0003 0036 00000e87
[    7356.156111] 0000 0000 00000000
[    7356.171947] 0003 0039 ffffffff
[    7356.171947] 0001 014a 00000000
[    7356.171947] 0001 0145 00000000
[    7356.171947] 0000 0000 00000000
[    7356.596970] 0003 0039 00002a46
[    7356.596970] 0001 014a 00000001
[    7356.596970] 0001 0145 00000001
[    7356.596970] 0003 0035 00000a8b
[    7356.596970] 0003 0036 00000e51
[    7356.596970] 0000 0000 00000000
[    7356.687544] 0003 0039 ffffffff
[    7356.687544] 0001 014a 00000000
[    7356.687544] 0001 0145 00000000
[    7356.687544] 0000 0000 00000000
